0.191040220808 7.29401783218 1.07803497094 1.11153630481
0.221586096908 7.728840653 1.25628747957 1.07348285103
0.394284120715 6.49486800765 1.24840145524 1.49690092508
0.359410268856 13.8480524554 1.06848016196 2.11628637253
0.601470223122 4.84530242079 1.09594837477 2.04932409667
0.284777652557 6.14998238299 1.29665554156 1.13925680163
0.30798888301 3.80673276279 1.14975545887 1.15368268159
1.08583029729 3.53505651506 1.13554166233 2.63990348066
0.416630538395 10.3120256808 1.10630614285 2.04436178131
0.690570135018 13.7756604978 1.25071392197 2.78934585063
0.494616226373 3.37527060945 1.20534828882 1.44984057005
0.249947296989 8.95464028175 1.26930194298 1.20920820016
0.403606481246 6.41896997546 1.32986709617 1.42168479058
0.703070580064 8.03528472565 1.16662468066 2.52863551059
0.586144867216 1.34743865648 1.26731558567 1.13703172027
0.38538890601 5.84912726967 1.09253311142 1.62684525526
0.327606957071 3.06604693317 1.21127361215 1.06170481466
0.159773635807 9.83746782175 1.11269676891 1.05618187269
0.252614904014 4.60092219937 1.15576749015 1.07119407649
0.224891456904 9.86703395878 1.18883576628 1.24281551557
0.380248875024 4.30714960333 1.24839322814 1.27421163948
0.564070656208 3.1498221099 1.30007251446 1.43384146851
0.211706517599 11.9694513927 1.31487057179 1.15110668233
0.617604929006 10.3580813658 1.0489936159 2.80723290042
0.181723308924 9.2442055093 1.22934061008 1.02025580981
0.377651946377 1.80028639327 1.11505954218 1.0617640093
0.444227409413 6.91678155252 1.25682904298 1.64404260334
0.150394006771 9.40982258346 1.0698512737 1.03954136086
0.477134507493 4.14006138519 1.33802744492 1.36494604688
3.19272453401 0.361113061004 1.22214141719 2.35334157285
0.156885102964 13.3920172676 1.06569644094 1.20740777391
1.97162838123 0.905334595273 1.28915000088 2.19786329778
0.283654724961 10.8180983094 1.26530686689 1.40561205237
0.158050488792 12.242679812 1.13684106212 1.10392775815
0.424563669417 5.92881254546 1.20198240428 1.58442141999
0.188614716634 9.77713163927 1.28258315444 1.02137766269
0.579428415601 3.24587473676 1.21821100014 1.57352009499
0.324302705512 5.23857469443 1.16061697193 1.31573027974
0.168073073607 7.90494939445 1.11510055502 1.01344950136
0.254797442963 6.23039944705 1.28666758509 1.07066433627
0.290143663417 3.4781584325 1.1038997686 1.12050354723
0.365016541755 4.7168345378 1.26097287148 1.26533016454
0.383603590189 3.4325024031 1.10329412537 1.34457526477
0.249437865389 7.51269669018 1.23857185244 1.16717690749
0.237569737481 13.298284867 1.17276846263 1.44343762687
0.176907699388 12.434027046 1.19194818564 1.14093804323
0.188042986281 12.2514452483 1.09510070191 1.28705613674
0.483994444175 13.3047244488 1.31981214864 2.06158431974
1.27428877662 5.26460729945 1.25962129623 3.023743374
0.148879308921 13.6736881733 1.08188611867 1.15652293414
0.677377346157 9.39993863537 1.21408235057 2.49745874298
0.525671724844 9.81756718849 1.31476669157 1.97596855319
0.172878088242 8.85846896303 1.00382429764 1.19153326315
0.765553438176 12.1760917191 1.24561743345 2.87907279722
0.643487124449 1.06335092144 1.13444075731 1.24916940455
0.254895625228 6.42646060941 1.21026323559 1.15036780597
0.347128486632 2.97634420746 1.19147305277 1.11076289508
0.260734466704 12.7127284162 1.3549430953 1.30950906452
0.922841542341 8.61682986806 1.04442582149 3.46583072774
0.336951184514 9.38613386883 1.19144476364 1.59692312539
0.247592181827 12.2926920555 1.23312177451 1.374628461
0.2313780609 4.74451676579 1.15316463066 1.02299103169
0.227904786626 10.27787355 1.06927955067 1.41317672254
0.594258630688 2.26145730067 1.15011488266 1.50264460551
0.613269831221 6.06714029822 1.26266308314 1.94219405198
0.352816923666 2.68739519483 1.27002556369 1.01815841899
2.56068406745 0.409497540863 1.08703500872 2.38174518824
0.147703614832 11.0046020424 1.14517055602 1.01095782455
0.318006074675 6.20063612609 1.2102628377 1.31736771971
0.190325456756 10.8398627524 1.24269958229 1.09763356034
0.295872463357 12.777141466 1.24280817665 1.55582654295
0.227231566367 10.4471873036 1.13422146404 1.33689938028
0.296286672517 4.15387044783 1.11867017687 1.18961937423
0.853761110948 3.6503840963 1.43628367975 1.79713721794
0.338826475238 12.0194919164 1.12261569541 1.84728327585
1.0646815678 6.45499143401 1.09281206329 3.30915610863
0.213068199108 13.725350122 1.20440719063 1.32098505879
0.476205250411 2.17386077848 1.25422669649 1.17322603685
9.06282943388 7.68332211572 1.21293174464 13.1726617997
0.584804444019 4.41174226876 1.35527811167 1.57639999148
0.719053601038 3.32739684878 1.05374346738 2.1181587874
0.451743544698 10.947789655 1.13592650093 2.14373402552
0.987910340283 3.19363931399 1.16657415688 2.33244989809
2.52115022665 0.482687238138 1.28382664023 2.10830011053
0.406833256796 13.947838908 0.987182026078 2.49383114231
0.73674915914 4.96932883816 1.17418571033 2.20830935972
2.90743944263 4.04969522954 1.1606935737 5.21092330179
1.66334653286 0.866300128374 0.978147136081 2.54854015781
0.604914657917 7.2706452307 0.973590710142 2.65111350782
1.82194215851 13.3192958418 1.3143596097 5.01133711359
1.91946049896 1.06741454407 1.32485599427 2.21928391004
0.746296013165 6.86583828374 1.31220769487 2.21983338539
0.446843238764 7.60141027654 1.00663223374 2.12657990277
0.577903477089 7.22738471255 1.18403091202 2.11033746393
0.810259245497 10.2894920671 1.21662039584 2.89429791371
0.687424138701 6.08610310654 1.20548055105 2.1974572536
1.05120821385 2.19086591925 1.17100398062 2.13594679253
0.712257585942 5.56411908749 1.14674449014 2.29566170651
1.27275874204 2.41016991416 1.42674153633 2.05582279651
