1.02851093083 13.7556468985 1.18065404114 3.85177846444
0.17294374398 7.67838334674 1.04099161222 1.0957974631
0.191114778694 10.564197667 1.22586045968 1.10624587781
0.339269696948 10.3460050125 1.18746066876 1.66272103179
0.190333112264 10.1288057578 1.25090956129 1.06607416071
0.893087617217 8.22476797733 1.35904277196 2.56579422781
0.42241928217 7.86109730507 1.21423913593 1.71726376528
1.10892312311 10.9628393909 1.11808435805 3.96507816201
0.428206901371 7.16834591606 1.20330509021 1.69570653241
0.386676268068 3.44783773029 1.28806002238 1.1595662014
0.52543647559 4.21693351772 1.32083391566 1.48359449451
0.702747277723 4.55551160087 1.17327579287 2.08031651603
0.379511969596 12.9590574938 1.20173121681 1.90846907356
0.23317733805 10.4051433164 1.34911887062 1.14193411363
0.382496871936 10.3537060678 1.26875110132 1.68613283385
0.326102192651 6.94411489087 1.06692386944 1.5780679571
0.230352681763 11.6607173954 1.26365176088 1.25610962989
0.825955666369 1.96632065257 1.42415080695 1.44250611835
0.278475770368 5.09601488775 1.08284799866 1.26236622414
0.494785896168 2.97591193129 1.24505351613 1.34621547991
0.706769977296 1.36259217441 1.23625220836 1.32541329607
0.486465665893 3.37821562864 1.19337877269 1.44867169384
0.573248713656 4.31024625128 1.20321640381 1.73861479352
0.21220086039 9.42802085232 1.28826239744 1.08672157964
0.221299518594 12.7608136498 1.12018577564 1.42169813465
1.28977172118 0.607367527692 1.21688670271 1.53600749293
0.593461790973 9.18513771099 1.32226462671 2.08348176157
0.177739228853 13.0700202407 1.26767338845 1.0941862496
0.218007906496 13.7881686104 1.37941461825 1.17293301808
0.531875047341 4.82547135126 1.06713411246 1.93635514844
0.444454716754 7.68816423333 1.09305205151 1.95885703005
0.306878249418 5.27441372268 1.28240808981 1.15034182971
0.163396212909 13.2815860243 1.12846098223 1.16835754736
0.337050495426 2.8975079872 1.23191862817 1.04401612184
0.241519763601 7.41226563559 1.01511549568 1.38756819833
0.333812546044 3.13853951052 1.27310820589 1.03085287228
0.764606704104 3.25092922157 1.24363423838 1.85532331041
0.342794872494 9.61742125422 1.24965063894 1.55264257886
0.619653774557 13.9416601006 1.36918556342 2.37990486107
0.470409033697 5.27922654272 1.18058406338 1.66173325216
0.396813005384 2.30004292081 1.25703363454 1.05626620266
0.3064072243 10.9456829257 0.968990779483 1.93989545182
0.322770502754 4.63234210984 1.21629791164 1.2012696372
0.454945807484 3.54618004862 0.951672363629 1.76559170004
0.173133707634 10.217809051 1.09153298843 1.1503266032
0.295160459771 2.6192727595 1.12033432525 1.0160203824
1.25667290944 1.28587966285 1.33477308995 1.76722513955
0.347950646895 8.11922223054 1.29255341834 1.43291059292
0.409371003879 13.9650664883 1.35939847082 1.81926775359
0.25344152913 7.33837230789 1.25255686362 1.15736941973
0.448045831326 12.5645252571 1.23824118015 2.04774602266
0.206908561308 6.23312340139 1.19789208046 1.00112324312
0.612321699567 6.62194269442 1.07482419148 2.34672299329
0.770174210533 6.31301717497 0.969387882969 2.98395136621
0.192509184684 6.9111848113 1.14814429268 1.03032211515
0.301581527458 5.43683199098 1.2593541788 1.16964732576
0.204945435625 5.46463356452 1.07600148541 1.05994663977
0.277893749191 4.87208164044 1.10425988334 1.21778448194
1.3306962643 7.33179313063 1.15222773457 3.79957820885
0.395014004275 2.31841167208 1.18222073371 1.12268428936
0.58188129755 2.43584159496 1.48506843162 1.17627946783
0.453179144726 1.62114798081 1.16510999984 1.10808125782
0.371366313454 5.87201209544 1.1873366049 1.46231572835
1.0441433538 1.22441309984 1.20697306684 1.69929798267
0.186227288762 10.5527381042 1.22858391434 1.08450141701
0.857708638545 5.67845652355 1.23767325448 2.42390154538
0.275697913622 4.71152995209 1.14264981668 1.15765951102
0.253545544812 6.29547454921 1.31083971078 1.05111018977
0.621955481878 5.3963260407 1.26102050176 1.88785139169
0.180370131444 10.132024363 1.13270902826 1.13598991663
0.438812475162 13.5074674761 1.35560827674 1.88970532548
0.327817899354 13.9393570669 1.2218254022 1.74439386497
0.677018465155 7.37047843353 1.24431435928 2.24622441349
0.846199050034 3.76405278749 1.20645768626 2.14868388187
0.874790697061 5.71657268055 1.23262122148 2.47154997916
0.563322229567 5.23332662476 1.07432029915 2.05327813935
0.184321266081 11.8601860663 1.2691009779 1.08409905351
0.204922897148 11.5597296012 1.30036608009 1.12580091633
0.122976136712 12.3857788204 1.0152319876 1.04980198652
0.221902531302 8.55890090154 1.18531375186 1.17823485263
0.161748182913 13.0014297032 1.04097030912 1.24911564266
0.284643289347 8.68376445367 1.1975347209 1.38345875155
0.150415372132 13.909337777 1.25665453729 1.00824344441
0.640147164003 13.0247257548 1.17847492935 2.76231632774
1.61656184459 0.249549587495 1.14780331533 1.40733480735
0.153709977281 10.5806675174 1.15491303622 1.01603217124
0.31128409809 5.31406528546 1.12241750626 1.33017928001
0.486915076767 3.27550309087 1.32658752351 1.29065433003
0.377816024945 2.54751643812 1.29502869912 1.02667004436
0.534096980735 5.7246381489 1.27108236071 1.72573229836
0.4233426072 12.0566473165 1.29112907265 1.86516901345
0.21535730354 8.7583046997 1.12825963844 1.22270508586
0.783444531625 0.613169138897 1.1757164879 1.14388064795
0.257201940529 8.5477252968 1.18261247143 1.30249153521
0.402826957467 8.93269592074 1.24996943255 1.68651998656
0.272358381447 9.9585698113 1.21644333642 1.38426302696
0.153169224743 9.63235019737 1.09444425911 1.03669053342
0.575488508992 3.05341268786 0.989029145566 1.8904341286
0.387166808554 8.02469863917 1.07798168693 1.83772825342
2.03187167897 12.5303860163 1.27508305432 5.44333262078
0.299724157148 5.71221554619 1.15035507372 1.29638840762
0.216291733029 11.1147272325 1.27357198252 1.17612568497
0.508267194274 3.96502963739 1.33326077861 1.40835711226
0.39606739911 8.16594353106 1.27435671349 1.58747975654
0.169155568874 13.9071218678 1.30721117774 1.04811405545
0.17576263426 7.77092014961 1.14778003607 1.00863539333
0.249276895395 13.7877798338 1.13547543891 1.55809068528
1.43404817838 7.92818151752 1.28823049959 3.66655157571
0.166288429152 12.2829247994 1.00258279 1.29630158548
1.14590249003 0.66104409091 1.08062363348 1.64431560438
0.340343945188 12.8861152258 1.2322680429 1.72755486502
0.172285768866 10.5988183757 1.10407672943 1.14745900565
0.198325458852 7.36114671755 1.08473757657 1.13604047592
0.239647593703 11.3462757597 1.29614017107 1.24594499435
0.220251721343 10.055674949 1.23694965595 1.18544736177
0.201709674857 6.58061777856 1.02734470313 1.16862420519
0.371458276583 10.8808403815 1.12023965212 1.90400278671
0.361899456372 1.81037387457 1.14099880243 1.01044783326
0.345500826437 3.64564929866 1.28250162663 1.10065394763
0.217383250631 8.12018574657 1.19029393133 1.13719822481
0.342673052844 3.77555615218 1.41661510262 1.00264249958
0.284296590012 4.23814944773 1.18590745665 1.09902292358
1.11342322307 0.626646100669 1.1275304756 1.51869442081
0.695041020046 6.56623679133 1.3650732073 2.00496848357
0.398060884525 7.70454154054 1.28424778213 1.55018714556
0.196657327577 8.63313897623 1.05565360994 1.22412541163
0.578124521389 9.84948970909 1.3958486604 1.98517220473
0.309293572941 3.44586338486 1.21834484339 1.05615441091
0.214188861669 4.30873245389 1.00757569175 1.07693074989
0.160098255385 11.999094283 1.16913295196 1.0754601764
1.4537222188 0.662381589145 1.17269234654 1.77687686978
0.254949003134 8.99480440842 1.14061272678 1.36556462457
0.112028914863 13.0519259821 1.01318772543 1.00594147021
0.545954569571 3.11323756695 1.1197971991 1.62250762622
0.280693789731 3.97517389703 1.19731086534 1.05653693876
0.416853790909 3.64453411659 1.23461741371 1.2956523162
0.232095310924 6.19409928373 1.0895221537 1.18581950346
0.22487931373 5.23723245071 1.11298761908 1.07479997276
0.179507412928 9.80692329617 1.20662306287 1.05150638012
0.375394809313 3.02996362638 1.24622160105 1.12553863078
0.274255124573 4.91493138113 1.26479233556 1.05699789241
0.163196500754 11.9895394647 1.14951944725 1.10758250113
0.143053705672 12.6100410125 1.09983516658 1.07827197657
0.182588907526 9.63710675592 1.20784060807 1.05626577087
0.537004003425 10.802482552 1.25060607987 2.17532099981
2.19264229724 2.58859865198 1.30976810528 3.29576868867
0.276716754795 9.84308835783 1.30735699178 1.29665444719
0.335977551375 4.90823468456 1.36849834643 1.11794909704
0.717025228622 4.11000473746 1.19924914386 1.99317459696
0.201623190449 13.3268225674 1.34037371935 1.13290710683
0.474034027476 8.94678517318 1.08963770917 2.15756675228
0.193702233249 11.4723902615 1.17954986627 1.19236466459
0.189241889234 12.1843293679 1.14330812386 1.23575710738
0.247503632485 5.33795934756 1.2683530123 1.01178992908
0.260777709275 5.14669656382 1.29788513869 1.01143489091
0.40988018874 5.76984397237 1.24264764878 1.48352771002
1.20165243659 6.87791368802 1.10414282615 3.62630159378
1.47777422641 1.05152932389 1.14432214896 2.14757628233
0.849522163738 5.85361261984 1.22799536587 2.45214095585
1.40888402439 0.865402014526 1.02349985905 2.17964648268
0.444824443355 13.6483445153 1.15881740202 2.23848965156
0.427131929376 7.0567145452 1.40981491685 1.43735637991
0.166358647891 7.72568070756 1.0893907394 1.02245259159
0.288458673901 9.71247965114 1.17037217423 1.48249352119
0.348568549171 6.42611080885 1.27431203092 1.34601564564
0.386493569202 3.76202856454 1.28100270188 1.1999685447
0.252418858614 5.70643304781 1.20697221918 1.10151358476
0.485790434857 11.2159591096 1.20548320511 2.13747623731
0.258431604296 7.96826859091 1.2493081317 1.2082770397
0.731839678761 6.05695110343 1.12379296733 2.4537296105
0.286144091521 10.053279937 1.2324778874 1.41643829545
0.352567103345 10.6455477439 1.17587507702 1.73916328435
0.641495387622 0.781321917906 1.0933427177 1.16716905305
0.186269386525 9.60746003346 1.17508145135 1.09912452124
0.155434826322 8.36218407616 1.04578142919 1.04515865715
0.233716357109 9.88543591062 1.30295812589 1.1641579397
0.167887880144 10.4274758407 1.11185212362 1.11389249968
0.438793912444 1.9776735805 1.33291921617 1.01291377348
0.240983589183 13.0266976075 1.28521195085 1.32062448855
1.00587868511 0.394471790891 1.22695066388 1.11778861908
0.190870361877 11.421593897 1.22002439478 1.13985708222
0.261316522327 5.9422347122 1.21578832443 1.13428163909
0.766237492774 5.65207386604 1.3058890553 2.12759821534
0.34377914529 6.48965069315 1.35461426471 1.25871914031
0.263107398642 11.4557073445 1.14905817267 1.50050809147
0.275586523126 9.16282820646 1.26245147632 1.30752947462
0.211018896053 9.2196849353 1.3234341092 1.04608815481
0.346275703543 1.70644734651 1.03397263567 1.06158386032
0.345787848212 3.72352763929 1.27374479629 1.11667455262
0.360027194846 2.89746348009 1.04324178897 1.28823646004
0.241699209986 7.85030295303 1.35419385681 1.0607567553
0.20215037131 9.18766083731 1.06350828634 1.26355694588
0.26894381623 5.3628476552 1.07133910567 1.26803214291
0.381791642546 2.85142601605 1.27105748582 1.09368138945
0.365753952091 3.80607495516 1.2516305241 1.18839280682
1.27751679789 12.0626670159 1.13182297858 4.44390431132
0.207465910924 9.3983901115 1.28529127417 1.07184448652
1.28469256383 11.9489684142 1.11879068201 4.49826583148
0.750155583165 3.93080867255 1.21187794552 2.00272051431
10.7183312069 1.71033167343 1.30712533834 8.28473655116
0.287904339674 10.3733968862 1.34359694138 1.31832093149
0.137860012012 13.3931193931 1.16020787106 1.0175005645
0.177535095838 10.1713433799 1.2534351767 1.0171024993
0.210515962343 13.7712447775 0.923426707635 1.71105118087
0.19748871136 8.2013981189 1.09511822297 1.16327080416
0.382553287513 13.8788447685 1.09058275616 2.16307436068
0.469969475686 1.53294490064 1.04856673627 1.23816041709
0.1884975842 13.657294334 1.10426380682 1.32557281421
0.44190951404 4.95719900026 1.43787021418 1.28154056502
0.252086652092 6.36660493505 1.24438898597 1.10712688715
0.30128676799 2.81155169776 1.14458568415 1.03229729189
0.176821288693 11.4512511938 1.19442497435 1.107387167
0.21283020666 11.7438034279 1.09282507006 1.38110108433
0.204492875583 4.85062063862 1.07707092993 1.01615029257
0.435931583083 13.1002461548 1.08879192602 2.31870142351
0.424883047513 3.97749566185 1.17841604129 1.41547398061
0.182880830107 8.6607574093 1.14954162586 1.07215373623
0.201387776922 9.76549411163 1.27956386095 1.06907751737
0.23677182369 7.05136972849 0.983112533463 1.3905682091
1.01306511703 0.541319437212 1.18275001772 1.29469521513
0.176175825701 13.5999775694 1.3209381277 1.05782089955
6.97875899466 6.62842108723 1.28791926751 9.92166467894
0.147851678213 11.510855359 1.09071191344 1.07818758839
0.740289634079 1.99674587038 1.49702815033 1.28222168049
3.40134605908 3.69374282637 1.18371834603 5.50163891395
1.21220456029 1.76782481774 1.09096340639 2.34713394899
0.194251977256 11.9859093379 1.29027960668 1.10815661048
0.320914803788 6.11175056795 1.18750877302 1.34429908901
0.397092058718 11.3889315546 1.15647340521 1.95780977608
0.72739810057 0.759232465956 1.22584068211 1.12121798354
0.163760525608 10.8356964454 1.22563241964 1.00665935431
0.167767524554 11.0686843488 1.18292036238 1.06749562832
0.210947633836 4.12358303695 1.0580575345 1.00042168782
0.315808526724 11.4846669049 1.10017138536 1.77151990976
0.153035140648 10.9626425595 1.17726048225 1.00564410243
0.337649192354 10.149633857 1.14787208379 1.70366731001
0.340384837246 3.68613458008 1.20282834666 1.16623098387
0.230879531704 6.22976690855 1.20466671273 1.07077527284
0.33101977377 13.151521752 1.33526091777 1.57572164828
0.23014740968 6.42455174843 1.20525999013 1.07900126438
0.511504140213 7.8834909762 1.43458013501 1.65284387827
0.473556917012 2.00367296595 1.16741962547 1.22212168908
0.184108658991 9.4837831535 1.1059818285 1.1537535224
0.348594065755 9.34577932802 1.15465493887 1.68312860034
0.484874334578 10.1647653195 1.3212608679 1.88486836779
0.463653887969 6.24957906331 1.31228252259 1.56628168852
1.00854185101 0.456881216744 1.05931695347 1.36203684263
0.331947393377 3.31637326089 1.08537432428 1.22698371364
0.759304607182 1.09557902326 1.16090297409 1.37672452842
0.363036513974 7.81121457379 1.23531560216 1.52257778001
0.697003658168 1.47788965999 1.12353478548 1.48457415476
0.366852292119 8.0632516724 1.09130451799 1.75402573923
0.390471296432 10.1464713064 1.26341344477 1.70517886638
0.661045928544 11.4245421647 1.12556368883 2.82844864468
0.241756437513 6.85077311974 1.2767435033 1.07534030632
0.83966097891 7.54230836892 1.33815089209 2.4296851951
0.270533415484 4.20619886611 1.21722921606 1.03329074181
0.373760666791 4.9444218273 1.16777647615 1.41002086423
0.18368719619 7.84728327635 1.12549388873 1.06275603113
0.308441017686 6.84501440698 1.18919950217 1.35769590972
0.379142186758 3.97730182061 1.00412133356 1.5396751189
2.55541494253 10.7545490278 1.25698039847 6.11402951104
0.281426783762 8.42223268291 1.16343851796 1.39892235562
0.252680747138 12.4573916154 1.41719981265 1.21780307689
0.646497065874 6.64211219284 1.35982909311 1.92521750105
0.602765280781 12.1083513579 1.18859923478 2.56788788062
0.5474647204 3.12481238318 1.31637901351 1.38446556042
0.569950476285 7.87319393063 1.26235129603 2.01795984123
0.155581079278 12.9004953503 1.13334599945 1.11505206132
0.295701507792 7.27276883097 1.22681837404 1.30568887096
0.258190404724 6.67037598074 1.28645466621 1.10518090294
0.195212392844 10.229463102 1.22712234865 1.10888290032
0.180684835353 5.31680362908 0.978759754318 1.0616293859
1.69154490245 13.9668163023 1.17555675238 5.41745822861
0.261652440386 10.6094468414 1.30727266301 1.28085197474
0.201045788088 8.00696181885 1.11653065319 1.14542398656
0.33353782274 5.22733523625 1.40748891679 1.10466234938
0.236519468737 5.54402779192 1.19024170238 1.05934053648
0.555210629381 1.49919350411 1.23351671842 1.16751843947
0.850737000091 6.25246341168 1.22271993229 2.51983032348
0.246763087669 4.32538570605 1.18842442657 1.00471110471
0.245769401879 7.22354117454 1.36723601366 1.03333892765
0.180557236529 9.82570823037 1.17851231414 1.08147075202
0.737343022929 4.37560205668 1.21417097711 2.04800102441
0.462049550063 12.6424089156 1.17556057224 2.20618357179
0.347119457122 11.12924055 1.27068249699 1.61654741777
0.24795436944 7.06663937407 1.23140588709 1.14569393858
0.288787653567 13.5735931499 1.28788749456 1.50738356455
0.193518122449 8.73196687755 1.09867414627 1.16806559967
0.203822144235 12.494818045 1.07466598048 1.39301267323
0.607936943759 2.51953779952 1.21280798723 1.4998171106
0.323659265992 2.88754523493 1.19606583871 1.04543630049
0.72823379798 0.920800595624 1.23140054081 1.19120761625
0.768647526743 1.35141255162 1.17699675716 1.46821588078
0.297781547943 11.2690087833 1.21941973953 1.52718466432
1.31682544566 7.37760275191 1.21933571461 3.5728788303
0.17221187007 10.7592465669 1.18401656428 1.07505143976
0.128438312985 13.8985749748 1.08865874119 1.04723882178
1.30739549915 0.753953257272 1.27664398855 1.58781797058
0.57125551156 1.41021056275 1.17147660764 1.22762487488
0.176515502324 12.5054384271 1.15699737611 1.175908459
0.373529863377 1.81539574989 1.09070959951 1.08056085158
0.759150697179 0.419087775599 1.04019660786 1.11520820573
0.176833501756 9.6020067 1.19219099843 1.04625017653
1.07126241934 0.502439668133 1.19084035588 1.30193529815
0.630669938566 3.21340056444 1.23802981115 1.6328375228
0.314533518626 9.48328250921 1.25936727855 1.44798077757
0.169842744632 10.3476293485 1.24177658947 1.00250335501
0.205042348946 8.11425496222 1.16252821328 1.11959112234
0.303286298251 8.27083731383 1.35795947514 1.25222555313
0.875603257999 7.64895273622 1.2524090016 2.68211303969
0.181568556041 12.0013155767 1.1935756296 1.14570053372
0.572047917948 3.43762032185 1.42269669691 1.36169429165
0.151160828476 12.1276113701 1.10443229503 1.09958763707
0.462814619045 3.05030983387 1.09236284048 1.47968797895
4.84076821979 3.0053851296 1.08359611246 7.0989344353
0.691467967381 1.71469626976 1.43868493728 1.21179490723
0.48068377585 1.40292209238 1.12132507168 1.14113494667
0.201893365214 11.0805890096 1.13958129403 1.25412651367
1.17179185779 0.242749314701 1.27919319536 1.00964318279
0.407511027831 9.58064353997 1.15892136808 1.87638311925
0.200296871148 13.4536705594 1.22130058047 1.24181858266
0.120328480057 13.9360675449 1.0736723516 1.01758713908
0.491139846816 10.8822969045 1.28765880333 1.99554036551
0.283963562502 10.3700374716 1.27022041813 1.38157281245
0.552423879536 2.15232578468 1.34531503713 1.20358843665
2.52281252092 1.68046914174 1.14496615082 3.58447228233
0.166175057554 11.1465571022 1.20664878371 1.04230368939
0.338602874801 2.82700170088 1.24956251568 1.02398948225
0.270427708582 7.05257482512 1.19061085424 1.25467489922
0.280655998871 3.44237780227 1.18550998194 1.01698577887
0.175394860276 12.4306227824 1.14783152397 1.17791802876
1.00746647425 3.88931314659 1.1871812025 2.47977374243
0.347355153784 8.37846389204 1.15880281236 1.61328876685
0.383530815364 2.3199403277 1.20404317807 1.08110553154
0.288205270754 13.6284587476 1.08789674588 1.78448757154
0.302701416245 10.1042061488 1.00226137224 1.81139733406
0.162403615273 9.47308858504 1.14471749034 1.02489732452
0.211749551583 9.52703390442 1.17555831853 1.19336805255
0.341512903232 13.1820872902 1.30731874263 1.64450676088
0.159344315719 9.24538960232 1.14444264554 1.00405254275
0.603733043895 9.41148753997 1.12361691932 2.50024250889
0.189766283883 10.8792023422 1.19040781109 1.14498632583
0.307896118215 6.26022325268 1.14586167148 1.3661076164
0.262085261134 9.71863278072 0.952191117377 1.70971483514
0.775719225588 7.96193787202 1.15186074788 2.72621647711
0.438240951285 1.58388075857 1.22974530999 1.01871335634
0.255476274969 3.3240545642 1.07065961365 1.04541656066
0.286760358003 13.8075409189 1.3097849209 1.48366509812
0.429900346423 2.25029567109 1.14882642289 1.21028693902
0.189741527752 11.8333131694 1.05453986638 1.32912264931
0.409634220593 12.8792213001 1.38680914025 1.73658084128
0.683483814883 0.554178781495 1.14204495585 1.03952908587
0.182063586858 7.1265936554 1.14097940008 1.00921248027
0.317470434032 3.83426028899 1.33759241931 1.0143549477
0.245182371857 10.7688487073 1.12878671277 1.42754030627
1.58587891107 12.4057968965 1.15387200959 5.08215936075
0.596931401368 7.40843839199 1.20634746432 2.13404601325
0.197981652287 12.8873891226 1.24912439485 1.18763667091
0.260156038541 9.88561329005 1.11538600414 1.4606616884
0.61012199875 3.60544683446 1.24074440032 1.65602235404
0.275989207354 12.3393336011 1.20268248327 1.51713884579
0.451469265329 12.7993447933 1.27745849461 2.00733066842
0.717190242405 4.08133355731 1.26916677051 1.87927043201
0.592437794287 1.29608811893 1.337994034 1.07070594922
0.354515161899 12.2932827411 1.36258026818 1.5804038654
0.189547761711 12.7801786881 1.19699405307 1.20055972042
0.289890797382 7.24181889706 1.30588188261 1.20879492947
0.422312589451 5.13108294324 1.22844917313 1.4721527128
0.227896269335 6.51771257345 1.12447465494 1.15449280202
1.34778967233 0.665542780472 1.13466648503 1.74886479814
0.142416371668 11.1117775511 1.07936639735 1.0502271588
0.33980322878 9.92703640003 1.16863339566 1.66813397815
0.981778442521 10.5092106765 1.23263828647 3.26974880189
0.2591018504 12.9421064338 1.29976137063 1.36752744813
0.144797423668 11.1653488656 1.09577930334 1.04767338109
8.15951151779 7.22355719776 1.21575566506 12.0041440148
0.364649240403 1.85114787278 1.02525582536 1.13863022375
0.293799442392 8.74587850971 1.31603558371 1.28879896039
1.21093432366 1.91289792588 1.22524530234 2.14407012386
1.14517231375 10.3216387571 1.20445560542 3.68573123494
0.163572746233 9.87595418509 1.10163420402 1.0850437672
1.56693435893 0.484704261139 1.15037883747 1.71594352705
0.388638742254 3.16880442101 1.27608365897 1.14182905928
0.369500517437 4.27720783341 1.17468617623 1.32543770789
0.63211284212 4.76409657967 1.17182778207 1.97004961754
0.627136250676 10.3974946826 1.01098350305 2.94639601666
0.250851650178 4.6329044452 1.06951199816 1.15485587588
0.360460998346 3.87874941749 1.12680105087 1.3155475437
0.889667622961 5.34796574652 1.36298339355 2.21076131557
1.58169534678 3.0896654507 1.29332897196 2.84770110147
0.480297390484 2.7448197917 1.22427250595 1.30652493182
0.243069138796 10.1772682946 1.35726963051 1.15837321428
0.162685499619 8.59227680669 1.06450083435 1.06808790038
0.370696833827 4.19524227354 1.10898072854 1.39795104256
0.255915593735 11.3733461066 1.04845560406 1.6105030567
0.435428405763 5.14122270853 1.2625975388 1.46280374757
0.210552317116 13.2803352054 1.3440433608 1.16157545784
0.707959665819 8.77365574444 1.02678805802 2.97214104716
6.3732857922 0.211637574482 1.18166126953 3.2292221641
0.454417223985 13.6154004655 1.26912013554 2.07154770722
2.64994930215 0.799445872216 1.06592816593 3.10583118204
0.463854972155 11.0903194682 1.0996758443 2.26354513433
0.487940935954 10.4598340921 1.24755967973 2.02383974346
1.03170756562 4.1876547822 1.36204994469 2.2507090807
2.8262202811 0.590958470179 1.14074059272 2.73917946385
1.02924153023 5.13229829817 1.21264356636 2.70105455767
1.50719860846 2.53845798817 1.28659304507 2.59625185136
1.62371508288 2.09844336034 1.39236868571 2.36611450557
1.54999157694 2.90641976782 1.15495217107 3.08266292363
1.06511245658 3.93337909567 1.3099627891 2.34105157185
1.00991780292 9.671536861 1.16080880325 3.44148730911
0.869072345803 7.1517818088 1.12264035598 2.91129184108
3.24196679915 1.74937743595 1.22904796727 4.0002066143
0.722278828846 12.6993008987 1.20928861856 2.89301648357
1.23687246965 3.49673584059 1.288917418 2.52753296602
0.650088374481 7.33133474871 1.23770656185 2.19403024388
0.614213663849 11.1255683192 1.27852725011 2.35014545652
1.07912856498 4.6202283755 1.25176356299 2.60754609635
2.37111734252 0.857086495897 1.20899936716 2.6023671008
0.488089977239 12.9914425711 1.27655157788 2.12649825626
1.65690813178 1.37105797926 1.04515282707 2.77239732628
0.779719807403 7.70443441736 1.16575270374 2.67352276782
1.56209836938 7.90894333066 1.28962982064 3.87433966483
0.53502813391 12.0698381125 1.07278233874 2.62496968772
0.837293628227 6.78362967233 1.06887992976 2.93063231078
0.638147454504 4.1666123696 1.08863206502 2.04085257371
0.477041146966 12.6662091993 1.24658185402 2.12658619772
0.733064845798 9.28861743439 1.22217177396 2.60473805437
0.705718553161 7.31083354089 1.28053533313 2.23787646677
1.5301987209 2.38482961657 1.16118514934 2.84599351062
17.7627921293 1.539442304 1.33309614945 10.9837725264
0.51055966694 8.86281711918 1.19280662877 2.06444145757
1.55998505128 9.17169415527 1.1670140711 4.49405521171
0.838115407917 2.46416604652 1.11688061982 2.00248906798
4.69880353116 1.44129723055 1.27743347005 4.62085273456
2.0453090896 12.867713254 1.13200161863 6.21312924718
0.662572267643 7.87560483966 1.19120891704 2.3645394201
1.47781773868 1.70255188615 1.23324280795 2.34000338412
0.760383508921 12.7628022508 1.3515156321 2.6832867037
0.558722770051 6.87265456119 1.16696405044 2.05872954074
0.705593071084 7.51909240776 1.19669881773 2.41689344352
0.712803346957 10.895562219 1.3193677299 2.49755383814
1.04604749169 4.89182370605 1.49458650312 2.18015734038
0.617287410356 11.435948287 1.27759381018 2.38144499786
2.40774203868 0.377236839483 1.1522978335 2.09828424988
0.825613838496 7.02577952048 1.43075046443 2.19450516208
1.3609347077 1.85969290663 1.15272805837 2.44040991361
0.522485255331 12.0429125565 1.20186586114 2.30456104999
3.21530314583 1.1145312901 1.09117130427 3.85570220088
0.724961027533 6.78642570814 1.2757129956 2.23094149669
0.971400302818 7.47411255547 1.24437859947 2.87067385521
3.11503545392 3.67403710935 1.19556223341 5.12785045704
0.403550238348 13.8744223817 1.13797276987 2.14794183572
0.895094272602 3.16691924593 1.22032144756 2.08194045135
1.01731066545 9.24916529027 1.24681450946 3.17214049871
1.12582432757 5.18707290019 1.24280646601 2.80781651631
0.635256617055 12.233748156 1.37971359231 2.29887159254
0.65404914891 5.18805564115 1.03984086298 2.33664432168
0.584351101403 8.47910662032 1.150226755 2.30816488439
0.911983995218 3.18704635144 1.27862295504 2.01618079254
0.514952219601 13.9024207383 1.27873158289 2.25033090554
2.18288610074 1.82145341203 1.33316078102 2.87141028013
0.894632383201 6.87357453959 1.24298129442 2.64551596448
1.04760394992 2.87323996064 1.12895597852 2.41952107956
0.60999944225 9.75391769294 1.27163505166 2.25113313145
0.431673834588 8.44730692024 1.0694056251 2.02621314634
0.420940391122 12.7175128748 1.08677877628 2.2471099665
1.57712712979 1.7549450274 1.30091768217 2.34009523144
0.426081606839 9.8398054689 0.954816246726 2.36712891955
0.584430602499 7.91983722189 1.25456400418 2.06880193711
0.590204894616 8.70617001725 1.19891875362 2.24891055844
0.77846409878 7.03863317022 1.08970798469 2.77223084069
0.765639679169 7.96969784858 1.2620577257 2.46737621115
2.08679957178 0.668887688607 1.01609274821 2.61811828118
0.464993171218 12.8184401563 1.16887771998 2.23850485995
7.39676006659 6.34033676811 1.25054543469 10.4660629749
0.492919401641 13.9310172975 1.27574152508 2.19229943153
0.852824848685 6.45336110754 1.28984627897 2.41795540437
0.525872178078 10.1010573166 1.17016853028 2.24187645628
1.0008108884 2.86434419196 1.16554776971 2.27089666106
6.70038368607 3.81550431638 1.43730809248 7.19755386395
1.06751018639 2.30545975868 1.1086258665 2.31846154504
0.941228042319 2.75021362239 1.23002564609 2.0377719631
0.493649687699 13.90415944 1.30743070544 2.13989840395
1.39756247611 2.93493286797 1.31749639222 2.53035706871
1.16080872439 7.32246134425 1.27709388609 3.1283907953
0.544155282279 9.39522370546 1.24393906118 2.10605408153
0.617992197231 11.7697912924 1.08111970943 2.84351469477
1.10283588468 1.54334369904 1.14787088729 2.00179443953
1.13506551866 9.90032687301 1.07117784519 4.06305997073
5.88221756405 0.254522798702 1.15094622867 3.34219911941
0.543282070188 11.7958417941 1.3674082275 2.06464815608
0.496349964024 11.4229096042 1.18367549751 2.22178791064
0.78685623666 5.32845553605 1.34431802306 2.06274897501
1.03426748305 2.80241835512 0.960296148727 2.79691166701
2.50553633525 7.0096172513 1.29854836718 5.06436263012
0.452447276941 11.5736586561 1.06647254767 2.32846765056
1.62499868635 4.91253979832 1.21999247923 3.58754956031
